movieId,1,10,32,34,47,50,110,150,153,165,231,260,293,296,316,318,344,356,364,367,377,380,457,480,500,527,541,588,589,590,592,593,595,597,608,648,733,736,780,858,1036,1089,1097,1136,1193,1196,1197,1198,1200,1206,1210,1213,1214,1221,1240,1265,1270,1291,1580,1682,1704,1721,2028,2329,2571,2628,2683,2716,2762,2858,2959,3578,3793,4226,4306,4886,4973,4993,4995,5349,5445,5952,6377,6539,6874,7153,7361,8961,58559,79132
1,1.0,0.1866870567455809,0.2463778415370019,0.3640324735792347,0.13339041843522795,0.1406220794086642,0.19054993460812508,0.31902593789467226,0.2583497878454521,0.1266210433233537,0.17645489531391856,0.2733324931251513,0.07183703120174965,0.14659776884936324,0.1273782998980911,0.15493977444908577,0.2464308552887829,0.20919628830491818,0.3375151842939128,0.29906406641442557,0.19053463202164234,0.23013514307087185,0.21277459507906157,0.34715339826075764,0.25407289804676386,0.12634543612713134,0.09843382192259195,0.3266130986118557,0.20482466491812085,0.18978221505320936,0.2254589741890224,0.10886116143701775,0.3200416499950731,0.15509639445732734,0.18445035451086145,0.3088637656038939,0.18645494843024593,0.21779246199999053,0.309381433393674,0.11890354393373177,0.25197564052491445,0.11866152718674144,0.2704232511102449,0.3072992612302596,0.16942486932475456,0.25082408847113424,0.2573454027979031,0.26859924013272396,0.14253779590264865,0.09575393627029881,0.29962287020461575,0.15818220272883435,0.20780394273222902,0.12396909369035072,0.27306262086669086,0.3448397405468089,0.30319371056849775,0.33885017824274377,0.3007250132341621,0.25758710596286766,0.20668524235262378,0.19996828442276893,0.21915634407442752,0.10361126519949358,0.11345733657727855,0.25350442290511915,0.25233496124894444,0.27968226674251595,0.2381833269415662,0.12862772141315004,0.08414778932129863,0.1421717412164424,0.21228827345244877,0.1481546208672237,0.33001476785044226,0.3052585452400138,-0.011144120490950022,0.14523292902244458,0.0942909714696843,0.1985826655921846,0.21698824779927303,0.16358154714380155,0.26531475520455783,0.21847906447303045,0.10447064505988941,0.1992457817320883,0.04163387038240679,0.2636647495026123,0.10901327816136863,0.03382750057395638
10,0.1866870567455809,1.0,0.18634426692897924,0.19433752025273313,0.23153850494282982,0.11807285002971094,0.3020675114770827,0.2659607713608329,0.4614809024433693,0.4880711998814787,0.351523823328244,0.1309860249733492,0.1785777993459225,0.17010591995757657,0.439041490982046,0.1308178890268714,0.35252571940715655,0.23440326797944308,0.2796251713259028,0.34017606973254044,0.42424407645552387,0.43796591534778845,0.3454136579252459,0.3580277451294593,0.3214792368028356,0.04796701739523743,0.12407279436812434,0.3508838688532059,0.3777963546957307,0.28822151883623526,0.409313346490146,0.08862216233443619,0.21578460233571867,0.2560047782941731,0.08762967758282655,0.40817622900727624,0.3460970622206664,0.30246859194187775,0.29869077489994417,0.07381385985947539,0.29606124442561466,0.1142416203904275,0.14827401697177178,0.1581151424500989,0.04114857889041342,0.15722746163005746,0.12301490566618432,0.14525037367805876,0.18694809457350214,0.015641576197293738,0.15670922947952937,0.056470579539809565,0.14499758858194836,0.12394195280137839,0.23840720171624702,0.23798927190965674,0.19195324953715207,0.298196044507292,0.3010353377618242,0.09061542592174525,0.08944341718085788,0.03820651365444466,0.10458316722649255,0.058588608420948485,0.04673516230936133,0.242706928996201,0.22312345024617444,0.18954943452487225,0.05969312522252855,-0.019353675825365055,-0.02083019768967891,0.16127465418954207,0.1777720995158318,0.05513655476790916,0.11115578392231588,0.06369908266788318,-0.030962758101563206,0.044422230197143996,0.027770943040629395,0.17861206690957068,0.08912825645898091,-0.009182681038650891,0.01556282213338621,0.10955440672235696,0.06487464548452507,0.01916104535191134,-0.011217824801340688,0.12147344930897752,-0.007372522841376076,-0.09189829920607219
32,0.2463778415370019,0.18634426692897924,1.0,0.21759538154702746,0.3287924526555304,0.30855385717756306,0.2687753937037491,0.19190819096889447,0.2695256843646519,0.22581598181506068,0.2803608642412041,0.24068678424629372,0.3127480594718547,0.339067706660239,0.2729713367217398,0.18903198896590154,0.28139322533900346,0.13639892236041315,0.18339769922278756,0.22975772984277545,0.2225101759896661,0.2764984971427724,0.29780540492340285,0.2807724452939252,0.15649782591644873,0.12857494511762602,0.3252010032082098,0.17456230432158093,0.396692552408271,0.2575323374211225,0.32291371667055285,0.22335862648097668,0.11489653795603633,0.10453657606151137,0.3334812533088911,0.2847949495513347,0.2568866527939594,0.1646044379129808,0.33129132484451657,0.15040825601494123,0.25587943675235736,0.2746851188808148,0.23427096802915898,0.2507489682143951,0.1283995866589023,0.2263306340490502,0.21210815229001528,0.18871836776872414,0.3072259027237854,0.2320695062792965,0.24033161598374425,0.23584236647197454,0.30779488993266235,0.17910959954217556,0.33628160665148016,0.2520836582181545,0.23734199557541305,0.256039643722318,0.21248209303928078,0.2731224610843963,0.12853339240520864,0.0682368806634387,0.16449101242978242,0.14025898705083567,0.19252343419231027,0.15944609044019328,0.2208329509228801,0.24905291726036272,0.2164646693047782,0.1500228897316645,0.13886960693431294,0.10449848050172428,0.20951676068909744,0.14568603923065626,0.07445832928674806,0.10993561885130647,0.11367986136244056,0.09142471587668109,0.03654318215798708,0.2570059341886801,0.2528716157944631,0.06339151150191563,0.07625441093468296,0.05548559927770438,0.15989820196151613,0.05301743256923002,0.09708324643546141,0.10335081190077607,0.015632727867552165,0.005549601808118167
34,0.3640324735792347,0.19433752025273313,0.21759538154702746,1.0,0.1302774030093798,0.056304579072721184,0.20204925287139744,0.3120872722507934,0.31798826916786616,0.2330026022059278,0.20076796121383284,0.061863029967895396,0.05165882869223981,0.11978535878019728,0.283960429596365,0.11938453411730461,0.2946058599857942,0.15504790171997906,0.40520873638524785,0.3093054703166504,0.32054379346392387,0.28541920637230606,0.32469789975090524,0.32349510064101605,0.34934725525232735,0.17654147079286023,-0.028123237622601004,0.3456422085374066,0.1850612545123045,0.32427075710118003,0.27189039596065806,0.1573628567559246,0.36207562957925704,0.29106226768151433,0.1263297658478383,0.17909391466160438,0.1405660563472566,0.24616075335672177,0.1104723300908028,-0.014406548642753815,0.09998469236184848,0.06040272549404858,0.26248242221815665,0.11057526847963696,0.00596912279604368,0.06788936295694087,0.08496172646507556,0.09275511295692203,0.05348803846449366,0.0068165811809730945,0.1141360378463353,0.03841050121335835,0.0945117994820803,0.0598740071506829,0.05436431771644286,0.09668127030130116,0.11076186717992637,0.13887165352306705,0.14011953082572898,0.09455854336327962,0.11481696353878874,0.14455983175365608,0.0697410831402175,-0.010710132614877943,-0.06134740631963247,0.14032348230481298,0.10970499974846219,0.18414029025280443,0.06884428414962208,0.00027644677367866927,-0.09414990826346668,0.012858778006004672,0.11051791989907386,-0.0009978052172597653,0.08840626625667174,0.038598149929824764,0.026636484145133227,-0.051863080478508655,0.022175989390801,0.11176927973552397,0.09941553204249078,-0.01641478798669146,0.0866589115297671,-0.003926100258900322,-0.028721667964525605,-0.003983021794478562,-0.03736117395055167,0.058098052973855896,-0.09496501260157596,-0.1051810112004569
47,0.13339041843522795,0.23153850494282982,0.3287924526555304,0.1302774030093798,1.0,0.390095798127403,0.3477066648720986,0.12444035927125842,0.18965979921992407,0.2652674263373227,0.3292017605615742,0.23014071005467712,0.4246548522115023,0.48442916072304987,0.19950427815774133,0.26746421186672725,0.2415987178252512,0.28334078868027207,0.22464044654689053,0.288520586333789,0.27905835256170153,0.23750566343026133,0.25447620102906876,0.26439652227241217,0.2334627915108697,0.2392905559897198,0.1930321819665621,0.09499730124470171,0.29870350353655883,0.22652040533706896,0.28841807542543846,0.3690359536580129,0.06302626076042789,0.1559909224420843,0.31933489939516213,0.2576212898777621,0.14983918933116422,0.15819162891676797,0.23515265756194836,0.25887909567442074,0.2717084361529064,0.4258145947415675,0.20842704932751632,0.24821575451531644,0.2621178552154376,0.24088702610385193,0.16530669973843026,0.20637690935473735,0.18190948029661883,0.2751260938130873,0.22459307812801765,0.30134849704372274,0.2413607035763227,0.27842434674906,0.24053546305737636,0.20547084880088357,0.1702324650524314,0.2571454789823285,0.14126994292482747,0.29320283532958535,0.18603471751898915,0.11782772606420724,0.2378013273659501,0.4024298033668655,0.30372508043677626,0.20660525716549777,0.17374004369726867,0.17691127967201528,0.28048300178848773,0.2928453862675344,0.3762593340691062,0.2671288618429688,0.14949527146033795,0.30294515085744117,0.18694878571392815,0.142375177511745,0.19922204133319907,0.24939757366589754,0.13686242376253233,0.24161760748419525,0.26859543443973394,0.20080833231249026,0.1892971574524276,0.18406862724319203,0.36234481801985585,0.26654665096274943,0.23846776149770352,0.22484370196258122,0.1887104808502625,0.17199611315213748
50,0.1406220794086642,0.11807285002971094,0.30855385717756306,0.056304579072721184,0.390095798127403,1.0,0.19968641961957256,0.14798215244188606,0.05110014222514818,0.08221660184611312,0.16293874506887554,0.2363911186839394,0.28090930168074846,0.4612467812848938,0.1393206006206638,0.37435762887904495,0.08214836852406389,0.20778534771036383,0.06113038943038697,0.18143597229127073,0.0955827150474727,0.1399441635543571,0.20479952405560417,0.13576452787188562,0.1077134160842111,0.3098833240229707,0.20820850803688304,0.04711033137717228,0.18782848778277578,0.16403791721727942,0.20359209408442544,0.31382250595873484,0.028846430589337273,0.06118489197258765,0.4032346694532189,0.16966509166329863,0.11513382022170604,0.00910768845811405,0.14586420846742817,0.3774209260714532,0.22154850394049483,0.46169402359905876,0.11337928217528806,0.2579876095529789,0.2828402982281614,0.25362987182801067,0.2190354903352907,0.24447734857723216,0.21300655246240643,0.26495207716567576,0.2152963513295522,0.4477442931849886,0.19379904976124918,0.40293112524175595,0.19583164145261517,0.2133337845405533,0.17261318190775424,0.1784616978042092,0.08897891439119279,0.22302793560299514,0.2592256368173613,0.04383298774258907,0.2256117079842202,0.3596076957999769,0.2363630669050337,0.12849008916053878,0.12794261878980684,0.17471110577576576,0.24004329405968827,0.2999378807384319,0.32323168050371553,0.22603072956679268,0.08255320410502026,0.2575429154589787,0.027955442864709384,0.09382393275048422,0.18189461323626469,0.1406971259844015,0.07356179014456157,0.14189939714220287,0.1605805516843044,0.13404462645634618,0.10364463715437708,0.13671339658298848,0.23640025100400572,0.1471766403412028,0.19631650315157717,0.1780162356328656,0.18638619524359107,0.19265201290905673
110,0.19054993460812508,0.3020675114770827,0.2687753937037491,0.20204925287139744,0.3477066648720986,0.19968641961957256,1.0,0.3353982102716387,0.34501627201719476,0.3298164216606506,0.2559016200260269,0.1465888896674549,0.27265263991579425,0.30462974297716433,0.37547250938279847,0.2511366788230732,0.25537543081380715,0.3432788108847373,0.25515464723948117,0.39332514882348396,0.3783129638867691,0.44033261865893464,0.45897618547203134,0.4552371755061837,0.24473723941187017,0.2878609893376328,0.13581575854425704,0.21123907243773377,0.4430467631075523,0.4304597012297192,0.3645186822882987,0.2718996009590278,0.2258315697229227,0.2243040331493691,0.11791841039224618,0.2944859835367128,0.23632666498528523,0.2323244755204883,0.28562266377000506,0.08175913575792189,0.19195965779779214,0.13602752238578314,0.14077431174519875,0.0756807753445434,0.02251733092910632,0.14109992722587666,0.11992766211947485,0.0576528645714578,0.2223195608203668,0.14036170113444454,0.2178901647394399,0.12136183623120209,0.17384350092335588,0.1402932430250936,0.2588274835601259,0.13105552323763678,0.08760554681597497,0.22646306236505998,0.18604060862590394,0.11268851846633991,0.11562469869128254,0.051187390304943355,0.3599264763224005,0.1840039230622754,0.18890247337276983,0.19694364780628743,0.12263702023595575,0.08695003903687669,0.14717959697154417,0.07151048633266933,0.08302020494737469,0.22850266099165692,0.11462450011346896,0.06621596957979413,0.022503354346248353,0.04667980835897151,0.009697816500588319,0.07794066186463855,0.03129803039484319,0.12233877521486929,0.1379077866509625,0.07302764568591621,0.030524556042694332,0.03950350819673797,0.10352061030042968,0.08707924485902667,0.009988306676363497,0.03248020407323042,-0.009710076740234785,-0.042881981062742484
150,0.31902593789467226,0.2659607713608329,0.19190819096889447,0.3120872722507934,0.12444035927125842,0.14798215244188606,0.3353982102716387,1.0,0.35234639053278866,0.33919445795114717,0.24528721404474202,0.08815469180057331,0.028172325319593888,0.1965094273239088,0.23184309480329793,0.28184638890406377,0.32068779734347214,0.3570016864642281,0.2806806386173764,0.22080740541375365,0.3645826412434631,0.36541041043902295,0.3863960587631012,0.40803620940617735,0.3489842760459169,0.2673814409076135,-0.0005090818665021573,0.3434816857961703,0.3242409424459773,0.3516376413690483,0.293303176119988,0.23051751262265563,0.3058324414261761,0.3076090902851752,0.04851735446210657,0.3013508885626428,0.15898894244326198,0.2919479306375344,0.2777182028050408,0.03788467161818976,0.06485040863020458,-0.035100608107129845,0.20073415340763792,0.055361597200055616,0.005760423325252834,0.08836937234273186,0.0928255077347447,0.05398737005090325,0.026486208617211317,-0.07187809122465354,0.14535454331263625,0.05297301292521177,0.033706366431804906,0.0032465633065747327,0.11258530314949215,0.14082749136800593,0.14949569216795774,0.1520451785809118,0.1088859292159694,0.14351257684712593,0.15172356598713946,0.12897775907163858,0.10942453271437282,0.024710662440958552,-0.00221546638083286,0.08121639354554679,0.09387900373742963,0.1102040163624376,0.09028607431603684,-0.016317040991485687,-0.05695823926859712,0.027170448137049365,0.037363186580186315,-0.025086817687198663,0.08963622572076468,0.08114792266538334,-0.07671061880766016,-0.0695561026486456,0.08548376055346427,0.06999356811917086,0.06643933497876177,-0.04444015629684002,0.07418219040527228,0.04409973539423791,0.029124743861654038,0.012262894936369596,-0.010892967957703609,0.08305323475905221,-0.026615622814052355,-0.07917645281889713
153,0.2583497878454521,0.4614809024433693,0.2695256843646519,0.31798826916786616,0.18965979921992407,0.05110014222514818,0.34501627201719476,0.35234639053278866,1.0,0.4107155248930849,0.3911028374912035,0.07216430157374915,0.15884586404458145,0.18139673267676956,0.39921864587502,0.10242363747496624,0.4759954543951201,0.20254853365314307,0.4109879455567872,0.4391029263108835,0.37109106493983407,0.5031668936077299,0.38322667802015786,0.39971790794171175,0.35921541053918976,0.03374948188194368,0.005976905989914706,0.4067611521024518,0.3404988547665816,0.4120259439325664,0.58737764097535,0.14114738033363586,0.35056681869732903,0.3119687012456751,0.03258849739114398,0.3033614204756965,0.20573800945836554,0.3492802986904723,0.24776385247307098,-0.06449779286855938,0.1387260289165854,-0.017400002346250183,0.17196131057742883,0.025525688971621444,-0.03821138401043783,0.061558578495457594,0.06566724978002508,0.03878160793544497,0.08537752206530622,-0.014841970366205628,0.09482027865451398,-0.02687577740858377,0.05376315305330709,0.03014166790972911,0.10963397933119892,0.08268986621393808,0.06520897579990227,0.1538248794026497,0.14716533462745482,0.024177150443324337,0.004301264741874817,0.025573166320155636,0.03320271451931797,-0.053446294244318585,-0.10461942045473416,0.17572223745436483,0.14564188538361553,0.09067884858216216,0.006900568500545127,-0.06799828002081028,-0.12442423928487517,0.008264580680817195,0.10465558619768475,-0.0607450613711738,0.007784982925576257,0.0043661834260026195,-0.1332989112729417,-0.07550902966050421,-0.0682820403098565,0.05676513387898837,0.05307488620217384,-0.06370608690950157,-0.019700792160100296,0.020029061444647216,-0.0014566717573662753,-0.031232488385444627,-0.06632226671809002,-0.02151064959432071,-0.10239185623326824,-0.1093764105258417
165,0.1266210433233537,0.4880711998814787,0.22581598181506068,0.2330026022059278,0.2652674263373227,0.08221660184611312,0.3298164216606506,0.33919445795114717,0.4107155248930849,1.0,0.4325466925036572,0.01588426971556962,0.19285376741638297,0.18532032254228864,0.4153054272907658,0.1200030872963381,0.4538712009011053,0.22357056372694314,0.39816710893998775,0.42154297574316746,0.4975507175691839,0.5217906923899067,0.43951867714068765,0.3619944862886159,0.36414386996526255,0.044831845290491494,-0.016814137674168846,0.39514640767365233,0.36754575888370244,0.33126827948832965,0.41170127885441793,0.1299547655966608,0.3162912753332112,0.2823154593615795,-0.025435378339582787,0.34417079869465894,0.234207447697338,0.2557858614234063,0.3012734658286193,0.011673149301710874,0.27750525013775895,0.000946038840934198,0.07702730521345669,0.006236876564645309,-0.06990673801856279,0.05853658217340602,-0.030446194832591176,0.03164791852623388,0.02471749464984676,-0.1047009727430536,0.0996914008779489,0.01628240315756524,0.02008641755272622,0.025577940659907802,0.15714135675533447,0.06353502124800886,0.12591875396611255,0.15520722107099963,0.12232398327612672,0.08047273666692588,-0.0012934866180884345,0.033212299773106316,0.028606868055233714,-0.015255509867862352,0.004157703148651991,0.10917262268456904,0.07706738164071027,0.10635499545363378,0.02483677260945833,-0.08613932735955411,-0.06647251986771882,0.12182177471387068,0.10742105423590215,-0.005004377797017575,0.015507601163689601,0.06641965122186023,-0.08521964229669785,-0.027070393445879446,-0.0020029737712797045,0.1473408176732694,0.08512882472354606,-0.0524480741481558,0.008641284167828854,0.04623328678277265,0.015598883338964566,-0.02749944374261882,-0.03965129141736455,0.014608936036911529,-0.03697448133111572,-0.03009658156360665
231,0.17645489531391856,0.351523823328244,0.2803608642412041,0.20076796121383284,0.3292017605615742,0.16293874506887554,0.2559016200260269,0.24528721404474202,0.3911028374912035,0.4325466925036572,1.0,0.05328314050131869,0.17348495616184614,0.2064981800256003,0.3309201767069837,0.1394915259221707,0.5312022816172016,0.28990339806636695,0.38872756215689175,0.3855201045170518,0.3275305493775871,0.35842745472135995,0.26434598000913845,0.3434468154247419,0.3624627265865225,0.07241131368176575,0.025402336485597008,0.34702381942707566,0.26908851770365794,0.27842728207769923,0.3240640603294383,0.09711042092813427,0.2326483410986998,0.24181632643187015,0.049762470966213036,0.2591186836188421,0.20342722898687673,0.29551154080919884,0.3181429033937669,0.09254539325894011,0.2226769198702114,0.1407419519486251,0.16631080545335966,0.1961961009237389,0.05710609570682117,0.13007514938451809,0.10669705739082734,0.054843251381696025,0.0845140818184067,0.07870241760059303,0.13675540137575248,0.1658217454392039,0.13259460962817055,0.09162875233010703,0.1904611623674288,0.1826104830301776,0.14999153674167798,0.18716878506181472,0.19882537507902193,0.18680604231184922,0.0831586103142008,0.11465572415261106,0.10444275387067219,0.18901723292934483,0.0767054281632067,0.19242543100771842,0.2974638424342745,0.19514196021312663,0.14383011832801584,0.046663544167294,0.1264411421148747,0.17462065691146642,0.22621544031219953,0.11773142843815002,0.136971064277445,0.1707394816307842,-0.008058304521288407,0.11757543945289213,0.035051398845216845,0.22339860771773967,0.17352749814249993,0.08599010160656471,0.21781536483238095,0.18504212181125304,0.1551119080486626,0.08926049676869041,0.06432903377848932,0.1365572668769619,0.07290577199892753,0.0020482456109551586
260,0.2733324931251513,0.1309860249733492,0.24068678424629372,0.061863029967895396,0.23014071005467712,0.2363911186839394,0.1465888896674549,0.08815469180057331,0.07216430157374915,0.01588426971556962,0.05328314050131869,1.0,0.1914201250016756,0.15342106677264983,0.11080470674882666,0.11598382676029648,0.04577845893891571,0.10425136381000649,0.01484231983003246,0.11592552042992038,0.07454709368856555,0.07708533453236614,0.07434799000775771,0.24978241088524294,0.017608070615978036,0.10509383703888694,0.3254536070704614,0.12259928444268874,0.3380005185286719,0.053585074307217026,0.19657274991029203,0.2071179438510645,0.015230977878984416,-0.028494612936232736,0.32948848287048454,0.2908257341661162,0.29197992568447545,0.10671503087692331,0.3400958442398149,0.34426227205422666,0.34253052577675835,0.3112110857288547,0.36963502127656184,0.3437824067351973,0.17153406139961944,0.7530312501084756,0.38426782618169264,0.5204929653049027,0.38462616257531734,0.22358730041065775,0.6942129244861441,0.30150222846010544,0.3711646810721739,0.3618593826690291,0.4447087357583744,0.37735010639841443,0.41955058538554596,0.4899633774588904,0.3711081976100585,0.2071523458588017,0.2234211440755054,0.14224790080842686,0.3808530393473148,0.20367754817118955,0.40395709837722377,0.49338563443299643,0.32610139910971175,0.3593640058168405,0.3061556256053406,0.25323357422688936,0.23756668712758522,0.29682102178657355,0.3771004711990774,0.1649512204643672,0.20987865206324224,0.2270125935308462,0.03905764935003582,0.26487179892165447,0.0327289759101019,0.30502231126800844,0.27183271653200203,0.24453170135697525,0.1227897693735545,0.17792267966591804,0.15893726987843373,0.2831499470676423,0.06755770937557659,0.21800421111880416,0.19923257038466524,0.13021545655512212
293,0.07183703120174965,0.1785777993459225,0.3127480594718547,0.05165882869223981,0.4246548522115023,0.28090930168074846,0.27265263991579425,0.028172325319593888,0.15884586404458145,0.19285376741638297,0.17348495616184614,0.1914201250016756,1.0,0.3459956925184338,0.16875490081366096,0.22495091716671012,0.11067513800793383,0.17875909369627183,0.137719768090897,0.21068670615126556,0.1751830153645902,0.23449827254631736,0.18250203117064848,0.13789876833934692,0.08747954232083652,0.12231071787906728,0.24849430458393243,0.11185532966466177,0.3009899151368325,0.10491102842180236,0.2174509284799669,0.2687457766796178,0.09896346518865363,0.09377845683575584,0.2851957605373779,0.12390751393663223,0.15591412179737432,0.004264233417299049,0.1581924252317563,0.24437399755062264,0.2628994912931065,0.38989021217299524,0.14014078644324587,0.17750495236302563,0.1738760679004635,0.22002362866174138,0.11203022388144904,0.17576339488668505,0.26213993999410956,0.26054283365800235,0.21343029660092364,0.265615625747713,0.28334413052108226,0.26254022558894347,0.2929191806780473,0.13781413774631088,0.13566097564282228,0.2534733437617947,0.12530388507653833,0.2068372923409463,0.23578996789556428,0.098663962911733,0.22651123731268832,0.28035199794846244,0.2792774038233388,0.18848489769502008,0.16759740521005734,0.13033239989831444,0.19599006994226417,0.23046181835853585,0.30680427482798195,0.23889544189990033,0.16479804964367067,0.2619362261514679,0.15664322523694793,0.16233577409027578,0.22333788929870446,0.26062050765148687,0.1347132165104983,0.255643194093419,0.23545004542781656,0.22860312607302685,0.13480744697125405,0.18897862214794808,0.3354628604011628,0.24415990366299015,0.24778235366423826,0.22413889091984462,0.16307068376286915,0.20557787560375762
296,0.14659776884936324,0.17010591995757657,0.339067706660239,0.11978535878019728,0.48442916072304987,0.4612467812848938,0.30462974297716433,0.1965094273239088,0.18139673267676956,0.18532032254228864,0.2064981800256003,0.15342106677264983,0.3459956925184338,1.0,0.08191510081587088,0.3957627174061908,0.20767465473904723,0.27785702754573494,0.13754469103338643,0.19145719272060804,0.1767058734530498,0.19355435417995803,0.19094461692929005,0.21377074496649026,0.1804307630373624,0.260723534658073,0.22112269506781382,0.09934716573507657,0.2856517214075627,0.27237163981018325,0.24852942395894992,0.43499226295663534,0.046210534811370815,0.14343767723404036,0.3822767935861607,0.11799196784496206,0.04696733731832292,0.031834827444256454,0.12634520181188497,0.29568147688057916,0.24002936087772597,0.4410055140229181,0.12957516262107105,0.24899669862818716,0.24722900433160835,0.19349192617000852,0.12081380865627198,0.14910438251615768,0.13165931379373735,0.29236996529316134,0.1451325030566767,0.4427981678734795,0.15234979064197018,0.29944634415221644,0.21643776452552085,0.17513116424932995,0.09555627947418133,0.1908580682998411,0.09211470997284944,0.24090920681356764,0.19581972679608392,0.07291228148418298,0.2197115987166479,0.4106543540755144,0.2522270469455418,0.10764797417501797,0.13055949279148665,0.17005323071824965,0.198512248313056,0.3178916784758778,0.36548691465912064,0.17651553847348142,0.01972136382786264,0.2743979314532461,0.08133030775831163,0.08619908618156871,0.1837465775060559,0.18120775877780992,0.07557332520158441,0.1481983203940897,0.14396584129326148,0.1275301661586942,0.1428380140989872,0.07567036771346572,0.27403859777247264,0.16607063302505154,0.18251394349150302,0.12768349383934463,0.1529390518581591,0.1474589464118716
316,0.1273782998980911,0.439041490982046,0.2729713367217398,0.283960429596365,0.19950427815774133,0.1393206006206638,0.37547250938279847,0.23184309480329793,0.39921864587502,0.4153054272907658,0.3309201767069837,0.11080470674882666,0.16875490081366096,0.08191510081587088,1.0,0.10048824712933291,0.3512952206231058,0.19575491074766646,0.2978242068438989,0.431448744899476,0.34319790205401995,0.530151861462481,0.406994741100532,0.37601718608667983,0.2872080207933304,0.013722100252555741,0.1505279003128402,0.30127678893049376,0.3659386019047529,0.330706556487077,0.42696802221923524,0.13943003186479389,0.25830106298323235,0.22888337069009876,0.1021541944666785,0.31888175099549176,0.29607129753631833,0.3230617661454393,0.3096157020202416,-0.02995487025943477,0.169908732135787,0.11593750336285782,0.17063023006895156,0.11741850814573888,-0.055911687940624274,0.16204439883501057,0.13039858667210527,0.13971912407794013,0.21064110782842993,0.05487749619641947,0.16650694660301488,0.06555542996225844,0.16004966388939051,0.024999547795337675,0.2487361874997705,0.16931497474552648,0.13676586517312947,0.2091666303156655,0.2552873667384597,0.07496852319979289,0.050494828311177783,-0.006166884862330227,0.14378216986558878,0.014387249064864225,0.05212615131193627,0.24490490726192168,0.17361148806664795,0.16561244546529483,0.08781300893364387,-0.028175183767105767,-0.06842948508064943,0.1305287942107917,0.2145118604329809,-0.02849441628783963,-0.02739245591471544,0.04368072515177075,-0.07660459369190281,-0.012028064378091868,-0.050959696397449454,0.12331412138944726,0.13595167475298506,-0.02349310925809797,-0.056638516699756836,0.010624502776487852,0.009948669100365171,-0.020919112663219802,-0.0906689113014713,0.03597729767109672,-0.06812719670548999,-0.13080800223001837
318,0.15493977444908577,0.1308178890268714,0.18903198896590154,0.11938453411730461,0.26746421186672725,0.37435762887904495,0.2511366788230732,0.28184638890406377,0.10242363747496624,0.1200030872963381,0.1394915259221707,0.11598382676029648,0.22495091716671012,0.3957627174061908,0.10048824712933291,1.0,0.16371458727887195,0.38266754004893716,0.15594793582322153,0.09892014839905913,0.1698748930238414,0.1752409737659073,0.2122863820181258,0.1418941590674683,0.18174756609090162,0.36622823226444057,0.09696837666024814,0.11704210749135747,0.12337124616545958,0.22847838133498785,0.11061203210935552,0.32999294091701153,0.06350584433625873,0.06961669286407476,0.21000431217811258,0.05316939872635069,0.031983762070560334,0.08504083822061902,0.13098794208017803,0.2605069989922499,0.09520612146491453,0.14644835629654235,0.08021776107033649,0.16130203805944376,0.1955356024929668,0.10557634911851642,0.07714096332400541,0.1033427093087106,0.0397434805265336,0.13297246066893503,0.10788570226111109,0.2674779915048543,0.07691078116760577,0.19474232865818653,0.07865621051698214,0.22685976955436807,0.08051566496026122,0.07841849663536515,0.08734901110734812,0.23995670795979454,0.30639504731872,0.10490691335170912,0.17282077734933407,0.26084672697347333,0.1755706988408861,0.07713191610136831,-0.007401526624127878,-0.009606791361319648,0.16640144232096452,0.13729911642646095,0.298624036277352,0.13030468633126127,0.09094021780677161,0.23099984353856642,0.1506866984956262,0.19137036689786158,0.15245784805402482,0.20072292572879366,0.17363023416810205,0.1570258495028552,0.18807137270946742,0.1802986922554854,0.16571317340499245,0.1752811487152092,0.22410865697584265,0.25119503403719146,0.20727463340865537,0.19438336937944653,0.24088580001422713,0.23541376518413237
344,0.2464308552887829,0.35252571940715655,0.28139322533900346,0.2946058599857942,0.2415987178252512,0.08214836852406389,0.25537543081380715,0.32068779734347214,0.4759954543951201,0.4538712009011053,0.5312022816172016,0.04577845893891571,0.11067513800793383,0.20767465473904723,0.3512952206231058,0.16371458727887195,1.0,0.2459676561613644,0.40023014783185207,0.431389171253879,0.33015260798224305,0.3865819299917546,0.3010464147874542,0.3686975495562334,0.38866039363284277,0.0020412191130867443,-0.032918429541553974,0.39794783939662354,0.2632257581688521,0.2985696251117028,0.3311851187493978,0.10410275016711396,0.3192476546931584,0.2624064879561185,0.005961354378309496,0.26294993106861025,0.1605010879062556,0.24816366906391488,0.2406579939677861,-0.030636175179864566,0.17340775401533048,0.04501751028113222,0.08763901244259119,0.06666925185963647,0.02274480145550313,0.08372905948768863,0.012247503915837918,0.037269105004099246,0.024659150839263483,-0.012529076893333177,0.11189924250051961,0.022362369183683464,0.051859262921796836,0.05381419558773558,0.0901940608692873,0.14549008740290553,0.13622546719269826,0.1517074923499034,0.16627494103723836,0.1609093285915221,0.10496583590030621,0.06500701616276304,-0.007322215166278301,0.0949053565459309,0.03640893514403014,0.10794526215537431,0.26887211726988236,0.16064804216876982,0.0578737550738322,-0.012885121894086166,0.019989480498451364,0.07530628125178665,0.1085463315387457,0.0693225912232614,0.06751188935184997,0.11558097218226604,0.01951744305858059,0.04845308501166235,0.09186073514653482,0.17027233659273155,0.15521754144544056,0.05014664134449713,0.1399968003131009,0.15203431063309564,0.1510589456903845,0.050625459521837494,0.09341237030870854,0.09184369743630427,0.060830239110167605,-0.002814875118895037
356,0.20919628830491818,0.23440326797944308,0.13639892236041315,0.15504790171997906,0.28334078868027207,0.20778534771036383,0.3432788108847373,0.3570016864642281,0.20254853365314307,0.22357056372694314,0.28990339806636695,0.10425136381000649,0.17875909369627183,0.27785702754573494,0.19575491074766646,0.38266754004893716,0.2459676561613644,1.0,0.32060097826129264,0.22570820432789795,0.28763403083507066,0.24226866721504978,0.24486904026769976,0.3916214962281247,0.4170227105081293,0.2683025474740249,0.12633294459647565,0.23351763755191185,0.2501409968848609,0.30760632385534886,0.1759775658135119,0.22769568681218513,0.22159121155018024,0.35445692020049596,0.07650623795186012,0.19601716369939678,0.10370490914833957,0.11546918926833853,0.2406849590305063,0.10455972867022913,0.18761243746261097,0.14844613281946542,0.16828494810358088,0.10492574866667824,0.14569056608334316,0.15246507936834636,0.16049453720075482,0.0408583945729679,0.08382051194924472,0.156632905753332,0.2245995386316163,0.1343866780204986,0.0736473794564466,0.10593191854000045,0.1609071450824141,0.2508100016946477,0.25582669794110224,0.13596002062178897,0.25051059782904,0.24627935227096184,0.2757885866700729,0.24433876181244188,0.23161683316692205,0.19789363470421578,0.19043887636609824,0.21269473254504126,0.15633084541860712,0.17561984812890702,0.23953733480140108,0.13805929494345104,0.1857281912367445,0.20024718191386925,0.11031127876433014,0.16252675422370333,0.22325097122414728,0.16718474860731874,0.1143520109797232,0.12664622565528863,0.21557315664504348,0.1923336120663588,0.177214002066052,0.13575341908485192,0.2809405095582212,0.20929904829450166,0.19595282323083285,0.21054490514593022,0.1710779945307493,0.18849206315982217,0.17296120623275038,0.19484160496483272
364,0.3375151842939128,0.2796251713259028,0.18339769922278756,0.40520873638524785,0.22464044654689053,0.06113038943038697,0.25515464723948117,0.2806806386173764,0.4109879455567872,0.39816710893998775,0.38872756215689175,0.01484231983003246,0.137719768090897,0.13754469103338643,0.2978242068438989,0.15594793582322153,0.40023014783185207,0.32060097826129264,1.0,0.4729480131782144,0.33161719898847114,0.3315808097781847,0.3111499965257729,0.40706175311342047,0.5050653451992748,0.14600151785881643,-0.04974438474949799,0.593014401428697,0.2521237758024398,0.28275595058359676,0.33054118387905307,0.1353925790205754,0.6176141141912443,0.37471973448619134,-0.0020389405906515137,0.2500835163219673,0.18794929626929327,0.2167758533092209,0.21825100392249408,-0.04442203252291362,0.1804751498043731,-0.022520821992743467,0.19519327552313442,0.0694800537411321,-0.0032431181780879755,0.08780482113535402,0.05538409808275853,0.031502885719489414,0.03185418557853772,-0.0016370347346582605,0.11321312484874554,0.021728404476870977,0.023166419665878513,0.0325721862191951,0.10041039661392685,0.1230085657541362,0.123281033478175,0.1456410449655686,0.23347422136682192,0.21209223504216526,0.10042504862707119,0.13725136418498254,0.04441569723814911,0.11012156751570713,0.025027137544688476,0.11885592436345174,0.15012944067879036,0.12254848264774,0.07638516480628739,-0.020548695815189474,0.014940658606357458,0.15852296767118237,0.16900010570870067,0.09269758810360312,0.25745129742082395,0.21727948392401034,-0.002993027454962748,0.08734691677316296,0.14887637858212013,0.18474915458221203,0.1424606350557809,0.10366516771931905,0.2556406413814231,0.2304045354067637,0.12041456592099418,0.1281171972039631,0.06214757682947725,0.23106754748700423,0.10391938894689486,0.04817686026896708
367,0.29906406641442557,0.34017606973254044,0.22975772984277545,0.3093054703166504,0.288520586333789,0.18143597229127073,0.39332514882348396,0.22080740541375365,0.4391029263108835,0.42154297574316746,0.3855201045170518,0.11592552042992038,0.21068670615126556,0.19145719272060804,0.431448744899476,0.09892014839905913,0.431389171253879,0.22570820432789795,0.4729480131782144,1.0,0.32678529630477027,0.43068491352473237,0.33681370493328505,0.41398007403929593,0.437788887280936,0.12790619332591813,0.07190432201609978,0.3698141427308927,0.3316070331277551,0.30816783486667493,0.4499799255805603,0.15699468816242088,0.37299419696535696,0.32028946586280965,0.12214811888130278,0.272076540382634,0.2043393983567299,0.20989416993773488,0.26133421360918396,0.02964373274235312,0.16817907599816048,0.11552920505212491,0.1434495232519993,0.11846951566387666,0.0015983009254308396,0.11994676997138,0.07113361574601813,0.12044226073047595,0.0699096968802902,0.05276534559627903,0.1615114738500294,0.0730799058004097,0.09123401939319614,0.10744152383126707,0.1676855534894511,0.10675508625544938,0.10105548902651544,0.2578381116744301,0.19615028822222438,0.14507630531538826,0.07556929500303064,0.1116056725350305,0.06355334904371217,0.07741479622348328,0.024999796774010565,0.19611905024906545,0.1725236443081528,0.21659540307077327,0.03659872109844114,-0.027445833799538657,0.019432366634770316,0.16307833652263873,0.14531067490001812,0.00199281366909072,0.08990709625385818,0.07911825580373881,-0.010181157116692664,0.07952091839259437,-0.02735193881619786,0.17806998273836855,0.1080496303952862,0.06504065992211634,0.08016809011382069,0.1995842998675388,0.11459676244544889,0.0731253405382418,-0.0011550110066561425,0.10440565857141688,0.03323115387297407,-0.01838270560341447
377,0.19053463202164234,0.42424407645552387,0.2225101759896661,0.32054379346392387,0.27905835256170153,0.0955827150474727,0.3783129638867691,0.3645826412434631,0.37109106493983407,0.4975507175691839,0.3275305493775871,0.07454709368856555,0.1751830153645902,0.1767058734530498,0.34319790205401995,0.1698748930238414,0.33015260798224305,0.28763403083507066,0.33161719898847114,0.32678529630477027,1.0,0.5594321877925784,0.4931843702651043,0.47444101382954856,0.46186591521279063,0.23371053428727628,0.0681220112511344,0.34293249692851313,0.43460548342660826,0.3085913587880166,0.3851664670008245,0.20917004331531172,0.2777400340500504,0.4050782212239549,0.07885252983317731,0.3930247619358626,0.2550111490154015,0.39694924294880773,0.3624613492476213,0.04196437072924049,0.3681202736256476,0.0953588279884612,0.1874371279818272,0.10122833919828361,0.007347799628888858,0.136579136989187,0.10783075422641714,0.08729972081032279,0.1898626484682368,-0.024376001769217493,0.18311228001069196,0.0623867210638167,0.19352466503585267,0.07418855080475054,0.2727209104119946,0.17312988115023367,0.16091288745185436,0.24058966834516926,0.24648597678804338,0.12810866124920153,0.0375795476554455,0.09484560017228853,0.18505562414202031,0.036750755327346916,0.07350951747224282,0.1626939223687687,0.12721213535113304,0.1865380238119665,0.11764289529353747,0.00453892541420505,-0.014384830347768326,0.1066436195746102,0.13369281278338058,0.09144338748772139,0.0653488963568013,0.026750641061498003,-0.038180484532476876,-0.029997997209543506,0.01648834652391318,0.17362578936865958,0.11134204763189663,-0.01708484787844767,0.06976909359654848,0.050002418768637626,0.06573428243647239,-0.005333782898102298,0.029178219290577886,0.04738500543935876,-0.07589586509392239,-0.10122232820708901
380,0.23013514307087185,0.43796591534778845,0.2764984971427724,0.28541920637230606,0.23750566343026133,0.1399441635543571,0.44033261865893464,0.36541041043902295,0.5031668936077299,0.5217906923899067,0.35842745472135995,0.07708533453236614,0.23449827254631736,0.19355435417995803,0.530151861462481,0.1752409737659073,0.3865819299917546,0.24226866721504978,0.3315808097781847,0.43068491352473237,0.5594321877925784,1.0,0.5409490752282483,0.43823120807802324,0.3851244697253989,0.13379647786009108,0.11542897135817663,0.382665854045614,0.45537232135302996,0.4043767043322933,0.5367019810009251,0.2571050743806642,0.3494418996075792,0.3612022573311199,0.08877325097071692,0.3637415738341188,0.34287048216185323,0.3396440930882158,0.33971030638190713,0.017784100186338005,0.2884943334340734,0.07655635011927618,0.14169079730407125,0.1118407284245075,-0.03916783061730782,0.12001350949200519,0.14619067755237894,0.08196123096206587,0.226413772481967,0.005542822006780447,0.17251187005291438,0.04659110407361153,0.18770391701722766,0.027790594272754234,0.26827717447423094,0.2175636786591581,0.18871308040442986,0.23493912653861593,0.23486639381648972,0.03541560031042208,0.03132240307034588,0.0698181468102743,0.14994421420976892,-0.022384677253678962,-0.011514313094049848,0.23533654557334427,0.179138593952659,0.21691897646113714,0.11198680491926308,-0.008369876835884691,-0.10524543106700714,0.06551458077182376,0.13208402187310805,0.023428453814252435,-0.0027261872939141987,0.04258610078921886,-0.08815676726557993,-0.018173797118772934,-0.09206322351373625,0.16261568863763592,0.07263397168338205,-0.05614175619644487,0.013086934788975373,0.02883023745905674,-0.011344909930642832,-0.04806057271610456,-0.04618012426568936,0.0450819702415447,-0.12380311319862054,-0.167905447024485
